0
24
20
18
18
24
21
22
27
19
22
23
11
32
19
23
21
11
20
14
20
13
14
11
10
13
8
15
8
16
24
22
14
11
13
14
18
16
12
21
18
20
16
14
10
15
17
17
18
21
16
9
13
16
16
18
16
10
14
13
13
12
8
11
16
7
13
8
13
12
10
8
13
14
9
10
17
10
7
11
16
13
13
11
10
3
17
7
6
6
12
13
5
5
13
9
8
10
13
5
10
14
8
10
9
12
6
11
6
8
5
7
10
9
11
6
9
4
6
14
11
7
5
9
9
7
8
2
4
7
8
3
8
12
8
2
8
10
9
6
6
7
11
9
5
6
9
4
3
8
6
3
4
5
8
7
3
5
5
3
6
3
5
1
7
8
1
7
5
5
5
4
5
6
2
5
4
6
4
1
2
1
2
1
6
5
4
4
3
3
4
2
2
5
3
4
5
3
3
8
7
3
2
4
4
2
1
1
2
1
8
2
0
1
4
1
3
2
5
1
3
2
7
5
1
1
3
3
1
3
2
5
4
0
1
2
3
3
2
2
1
0
5
3
3
1
2
4
2
6
4
1
2
1
2
3
3
1
3
3
4
1
3
2
1
3
7
4
1
1
2
2
6
5
3
0
1
3
1
1
2
1
2
1
0
0
1
5
1
3
2
3
1
2
3
6
2
1
2
1
3
